9.709999999999997522e-01
9.674999999999998046e-01
9.674999999999996936e-01
9.674999999999996936e-01
9.682499999999997220e-01
9.677499999999996660e-01
9.639999999999997460e-01
9.689999999999996394e-01
9.682499999999997220e-01
9.674999999999996936e-01
9.674999999999996936e-01
9.682499999999997220e-01
9.679999999999996385e-01
9.672499999999996101e-01
9.699999999999997513e-01
9.674999999999996936e-01
9.682499999999997220e-01
9.697499999999998899e-01
9.589999999999996305e-01
9.679999999999998606e-01
9.692499999999997229e-01
9.679999999999996385e-01
9.699999999999997513e-01
9.692499999999997229e-01
9.682499999999997220e-01
9.672499999999999432e-01
9.680000000000003046e-01
9.685000000000001386e-01
9.680000000000000826e-01
9.679999999999999716e-01
9.362499999999995826e-01
9.639999999999996350e-01
9.667499999999997762e-01
9.669999999999998597e-01
9.680000000000003046e-01
9.687500000000000000e-01
9.672499999999999432e-01
9.662500000000001643e-01
9.654999999999998028e-01
9.657499999999999973e-01
9.679999999999999716e-01
9.684999999999998055e-01
9.437499999999998668e-01
9.672499999999998321e-01
9.670000000000001927e-01
9.659999999999999698e-01
9.654999999999998028e-01
9.657499999999998863e-01
8.987499999999997158e-01
9.367499999999993054e-01
9.524999999999994582e-01
9.619999999999994111e-01
9.682499999999997220e-01
9.675000000000000266e-01
8.127500000000000835e-01
8.737499999999998046e-01
9.299999999999998268e-01
9.407499999999996421e-01
9.524999999999994582e-01
9.612499999999993827e-01
9.677499999999997771e-01
9.667499999999997762e-01
9.682500000000000551e-01
9.669999999999998597e-01
9.680000000000000826e-01
9.684999999999999165e-01
9.322499999999998010e-01
9.667499999999995541e-01
9.677499999999998881e-01
9.672499999999999432e-01
9.682500000000000551e-01
9.677500000000001101e-01
