9.435500000000009990e-01
9.368750000000011235e-01
9.368875000000010944e-01
9.368875000000010944e-01
9.383687500000010839e-01
9.373812500000010539e-01
9.302375000000010496e-01
9.397750000000010262e-01
9.383312500000010603e-01
9.368875000000010944e-01
9.368875000000010944e-01
9.383687500000010839e-01
9.378375000000011008e-01
9.364062500000011058e-01
9.417375000000010044e-01
9.368875000000010944e-01
9.383062500000011186e-01
9.411812500000010795e-01
9.206875000000012133e-01
9.378250000000011299e-01
9.402062500000011314e-01
9.378375000000011008e-01
9.417375000000010044e-01
9.402687500000009857e-01
9.383812500000010548e-01
9.364187500000010766e-01
9.378500000000010717e-01
9.388375000000011017e-01
9.378875000000010953e-01
9.378500000000010717e-01
8.777187500000013243e-01
9.301875000000012772e-01
9.354062500000012159e-01
9.359625000000011408e-01
9.378500000000010717e-01
9.393687500000009738e-01
9.363687500000011932e-01
9.345937500000011111e-01
9.330875000000011799e-01
9.335187500000011740e-01
9.378875000000010953e-01
9.388250000000010198e-01
8.916437500000016225e-01
9.363812500000011640e-01
9.359750000000011116e-01
9.340750000000010989e-01
9.330875000000011799e-01
9.335562500000011976e-01
8.097812500000006741e-01
8.789187500000013031e-01
9.083750000000014868e-01
9.263375000000011461e-01
9.383812500000010548e-01
9.369375000000010889e-01
6.641687499999998634e-01
7.661312500000003745e-01
8.664500000000012747e-01
8.862437500000014401e-01
9.083750000000014868e-01
9.249187500000012330e-01
9.373812500000010539e-01
9.354937500000011230e-01
9.383937500000010257e-01
9.359125000000011463e-01
9.378750000000011244e-01
9.388250000000010198e-01
8.701187500000014952e-01
9.355187500000010647e-01
9.373812500000010539e-01
9.364562500000011003e-01
9.383937500000010257e-01
9.374187500000010775e-01
