2.115000000000000000e+03
2.224000000000000000e+03
2.415000000000000000e+03
2.614000000000000000e+03
2.915000000000000000e+03
3.072000000000000000e+03
2.048000000000000000e+03
2.088000000000000000e+03
2.178000000000000000e+03
2.258000000000000000e+03
2.408000000000000000e+03
2.528000000000000000e+03
2.115000000000000000e+03
2.224000000000000000e+03
2.415000000000000000e+03
2.614000000000000000e+03
2.915000000000000000e+03
3.072000000000000000e+03
2.048000000000000000e+03
2.088000000000000000e+03
2.178000000000000000e+03
2.258000000000000000e+03
2.408000000000000000e+03
2.528000000000000000e+03
2.115000000000000000e+03
2.224000000000000000e+03
2.415000000000000000e+03
2.614000000000000000e+03
2.915000000000000000e+03
3.072000000000000000e+03
2.048000000000000000e+03
2.088000000000000000e+03
2.178000000000000000e+03
2.258000000000000000e+03
2.408000000000000000e+03
2.528000000000000000e+03
2.115000000000000000e+03
2.224000000000000000e+03
2.415000000000000000e+03
2.614000000000000000e+03
2.915000000000000000e+03
3.072000000000000000e+03
2.048000000000000000e+03
2.088000000000000000e+03
2.178000000000000000e+03
2.258000000000000000e+03
2.408000000000000000e+03
2.528000000000000000e+03
2.115000000000000000e+03
2.224000000000000000e+03
2.415000000000000000e+03
2.614000000000000000e+03
2.915000000000000000e+03
3.072000000000000000e+03
2.048000000000000000e+03
2.088000000000000000e+03
2.178000000000000000e+03
2.258000000000000000e+03
2.408000000000000000e+03
2.528000000000000000e+03
2.115000000000000000e+03
2.224000000000000000e+03
2.415000000000000000e+03
2.614000000000000000e+03
2.915000000000000000e+03
3.072000000000000000e+03
2.048000000000000000e+03
2.088000000000000000e+03
2.178000000000000000e+03
2.258000000000000000e+03
2.408000000000000000e+03
2.528000000000000000e+03
