9.900000000000000000e+01
2.080000000000000000e+02
3.990000000000000000e+02
5.980000000000000000e+02
8.990000000000000000e+02
1.056000000000000000e+03
3.200000000000000000e+01
7.200000000000000000e+01
1.620000000000000000e+02
2.420000000000000000e+02
3.920000000000000000e+02
5.120000000000000000e+02
9.900000000000000000e+01
2.080000000000000000e+02
3.990000000000000000e+02
5.980000000000000000e+02
8.990000000000000000e+02
1.056000000000000000e+03
3.200000000000000000e+01
7.200000000000000000e+01
1.620000000000000000e+02
2.420000000000000000e+02
3.920000000000000000e+02
5.120000000000000000e+02
9.900000000000000000e+01
2.080000000000000000e+02
3.990000000000000000e+02
5.980000000000000000e+02
8.990000000000000000e+02
1.056000000000000000e+03
3.200000000000000000e+01
7.200000000000000000e+01
1.620000000000000000e+02
2.420000000000000000e+02
3.920000000000000000e+02
5.120000000000000000e+02
9.900000000000000000e+01
2.080000000000000000e+02
3.990000000000000000e+02
5.980000000000000000e+02
8.990000000000000000e+02
1.056000000000000000e+03
3.200000000000000000e+01
7.200000000000000000e+01
1.620000000000000000e+02
2.420000000000000000e+02
3.920000000000000000e+02
5.120000000000000000e+02
9.900000000000000000e+01
2.080000000000000000e+02
3.990000000000000000e+02
5.980000000000000000e+02
8.990000000000000000e+02
1.056000000000000000e+03
3.200000000000000000e+01
7.200000000000000000e+01
1.620000000000000000e+02
2.420000000000000000e+02
3.920000000000000000e+02
5.120000000000000000e+02
9.900000000000000000e+01
2.080000000000000000e+02
3.990000000000000000e+02
5.980000000000000000e+02
8.990000000000000000e+02
1.056000000000000000e+03
3.200000000000000000e+01
7.200000000000000000e+01
1.620000000000000000e+02
2.420000000000000000e+02
3.920000000000000000e+02
5.120000000000000000e+02
