5.694687499999999680e-01
7.308562499999999851e-01
8.865000000000015090e-01
9.439437500000010806e-01
9.583812500000008505e-01
9.612687500000010044e-01
8.969250000000015266e-01
9.172812500000014913e-01
9.376875000000012284e-01
9.506062500000009852e-01
9.691187500000006949e-01
9.720187500000007086e-01
8.736750000000013117e-01
9.214375000000015747e-01
9.401562500000011369e-01
9.583562500000009088e-01
9.715250000000007491e-01
9.749312500000005821e-01
5.853437499999998295e-01
6.621187499999997561e-01
7.826312500000005556e-01
8.476562500000009992e-01
8.988000000000013756e-01
9.196250000000014690e-01
9.044625000000016124e-01
9.228312500000015461e-01
9.396875000000011191e-01
9.468187500000010415e-01
9.695875000000008237e-01
9.725125000000006681e-01
