7.522500000000000853e-01
8.532499999999997309e-01
9.410000000000002807e-01
9.712499999999998357e-01
9.787500000000001199e-01
9.802499999999997327e-01
9.464999999999996749e-01
9.572499999999999343e-01
9.679999999999996385e-01
9.747499999999998943e-01
9.842500000000002913e-01
9.857500000000001261e-01
9.340000000000000524e-01
9.595000000000000195e-01
9.692500000000001670e-01
9.787499999999998979e-01
9.855000000000002647e-01
9.872500000000001830e-01
7.622500000000000941e-01
8.117500000000003046e-01
8.832499999999999796e-01
9.197499999999999565e-01
9.474999999999996758e-01
9.585000000000001297e-01
9.504999999999994564e-01
9.602499999999996039e-01
9.690000000000000835e-01
9.727499999999996705e-01
9.845000000000002638e-01
9.860000000000002096e-01
