4.800111111111109441e-01
5.314333333333330911e-01
5.475888888888890138e-01
5.492666666666666808e-01
5.537444444444444835e-01
5.548555555555556573e-01
4.631666666666665599e-01
5.139555555555554989e-01
5.415111111111111653e-01
5.413333333333334441e-01
5.463333333333334485e-01
5.523333333333333428e-01
5.291333333333332334e-01
5.353555555555554735e-01
5.514666666666666606e-01
5.545555555555555793e-01
5.579888888888889786e-01
5.574888888888889227e-01
4.388333333333330200e-01
5.322444444444441869e-01
5.339444444444443327e-01
5.424444444444442848e-01
5.510777777777776665e-01
5.534000000000000030e-01
4.684555555555553474e-01
5.241555555555555967e-01
5.511666666666665826e-01
5.626555555555553534e-01
5.654555555555553781e-01
5.627999999999997449e-01
2.456555555555554882e-01
4.362111111111108275e-01
5.041777777777776137e-01
5.229000000000000314e-01
5.515333333333330978e-01
5.573555555555554930e-01
4.780333333333331436e-01
5.361777777777777532e-01
5.447666666666668434e-01
5.582222222222220642e-01
5.646444444444443933e-01
5.608444444444443677e-01
2.709888888888886682e-01
4.379888888888885945e-01
5.275333333333332986e-01
5.386444444444444812e-01
5.431333333333334679e-01
5.528111111111110310e-01
3.483888888888885815e-01
4.270444444444440601e-01
4.766555555555554990e-01
5.120555555555552640e-01
5.371555555555556083e-01
5.487555555555556630e-01
2.362999999999998435e-01
3.052111111111107666e-01
3.948111111111107796e-01
4.448222222222220079e-01
4.806222222222223395e-01
4.871555555555556194e-01
4.745777777777775430e-01
5.206999999999999407e-01
5.553444444444441963e-01
5.655666666666666620e-01
5.677777777777776036e-01
5.643444444444442043e-01
2.468333333333331825e-01
4.330333333333329371e-01
5.047222222222221832e-01
5.305000000000000826e-01
5.527777777777774793e-01
5.584666666666665558e-01
