6.896666666666669832e-01
7.256666666666667931e-01
7.369999999999999885e-01
7.380000000000001004e-01
7.410000000000002141e-01
7.416666666666668073e-01
6.763333333333334529e-01
7.133333333333335968e-01
7.326666666666666883e-01
7.326666666666666883e-01
7.360000000000000986e-01
7.399999999999999911e-01
7.240000000000001990e-01
7.286666666666669068e-01
7.393333333333333979e-01
7.416666666666668073e-01
7.436666666666666980e-01
7.433333333333334014e-01
6.583333333333335480e-01
7.259999999999999787e-01
7.276666666666667949e-01
7.330000000000000959e-01
7.390000000000001013e-01
7.403333333333335098e-01
6.810000000000002718e-01
7.206666666666668997e-01
7.393333333333333979e-01
7.466666666666668117e-01
7.483333333333331838e-01
7.466666666666664787e-01
4.849999999999999312e-01
6.570000000000003615e-01
7.066666666666668872e-01
7.196666666666667878e-01
7.393333333333333979e-01
7.433333333333332904e-01
6.870000000000001661e-01
7.286666666666665737e-01
7.350000000000003197e-01
7.439999999999998836e-01
7.479999999999997762e-01
7.453333333333332922e-01
5.123333333333335293e-01
6.576666666666669547e-01
7.226666666666669014e-01
7.310000000000000941e-01
7.340000000000002078e-01
7.403333333333332877e-01
5.856666666666670018e-01
6.493333333333335400e-01
6.866666666666667584e-01
7.116666666666668917e-01
7.293333333333333890e-01
7.373333333333331741e-01
4.783333333333334991e-01
5.470000000000002638e-01
6.243333333333338508e-01
6.633333333333334414e-01
6.893333333333333535e-01
6.940000000000003944e-01
6.853333333333334609e-01
7.183333333333336013e-01
7.416666666666664742e-01
7.490000000000001101e-01
7.499999999999996669e-01
7.476666666666663685e-01
4.869999999999998774e-01
6.543333333333333224e-01
7.070000000000004059e-01
7.250000000000003109e-01
7.399999999999999911e-01
7.440000000000001057e-01
