2.539999999999997815e-01
4.249555555555551978e-01
5.492222222222223893e-01
6.176444444444445514e-01
6.519666666666661392e-01
6.612444444444440794e-01
5.737000000000000988e-01
6.303333333333334121e-01
6.651888888888887186e-01
6.656222222222220042e-01
6.700666666666663662e-01
6.733333333333330062e-01
5.805222222222222728e-01
6.321333333333332138e-01
6.572111111111108572e-01
6.645333333333330872e-01
6.825111111111107354e-01
6.785999999999997589e-01
1.849777777777776022e-01
2.826444444444441983e-01
4.588777777777774958e-01
5.308777777777777818e-01
6.079333333333335476e-01
6.178333333333335675e-01
5.834111111111112136e-01
6.186444444444447743e-01
6.644999999999997575e-01
6.653777777777772906e-01
6.720888888888886248e-01
6.723333333333330053e-01
0.000000000000000000e+00
0.000000000000000000e+00
0.000000000000000000e+00
0.000000000000000000e+00
0.000000000000000000e+00
0.000000000000000000e+00
0.000000000000000000e+00
0.000000000000000000e+00
0.000000000000000000e+00
0.000000000000000000e+00
0.000000000000000000e+00
0.000000000000000000e+00
0.000000000000000000e+00
0.000000000000000000e+00
0.000000000000000000e+00
0.000000000000000000e+00
0.000000000000000000e+00
0.000000000000000000e+00
0.000000000000000000e+00
0.000000000000000000e+00
0.000000000000000000e+00
0.000000000000000000e+00
0.000000000000000000e+00
0.000000000000000000e+00
0.000000000000000000e+00
0.000000000000000000e+00
0.000000000000000000e+00
0.000000000000000000e+00
0.000000000000000000e+00
0.000000000000000000e+00
0.000000000000000000e+00
0.000000000000000000e+00
0.000000000000000000e+00
0.000000000000000000e+00
0.000000000000000000e+00
0.000000000000000000e+00
0.000000000000000000e+00
0.000000000000000000e+00
0.000000000000000000e+00
0.000000000000000000e+00
0.000000000000000000e+00
0.000000000000000000e+00
