9.900000000000000000e+01
2.080000000000000000e+02
3.990000000000000000e+02
5.980000000000000000e+02
8.990000000000000000e+02
1.056000000000000000e+03
9.900000000000000000e+01
2.080000000000000000e+02
3.990000000000000000e+02
5.980000000000000000e+02
8.990000000000000000e+02
1.056000000000000000e+03
9.900000000000000000e+01
2.080000000000000000e+02
3.990000000000000000e+02
5.980000000000000000e+02
8.990000000000000000e+02
1.056000000000000000e+03
9.900000000000000000e+01
2.080000000000000000e+02
3.990000000000000000e+02
5.980000000000000000e+02
8.990000000000000000e+02
1.056000000000000000e+03
9.900000000000000000e+01
2.080000000000000000e+02
3.990000000000000000e+02
5.980000000000000000e+02
8.990000000000000000e+02
1.056000000000000000e+03
0.000000000000000000e+00
0.000000000000000000e+00
0.000000000000000000e+00
0.000000000000000000e+00
0.000000000000000000e+00
0.000000000000000000e+00
0.000000000000000000e+00
0.000000000000000000e+00
0.000000000000000000e+00
0.000000000000000000e+00
0.000000000000000000e+00
0.000000000000000000e+00
0.000000000000000000e+00
0.000000000000000000e+00
0.000000000000000000e+00
0.000000000000000000e+00
0.000000000000000000e+00
0.000000000000000000e+00
0.000000000000000000e+00
0.000000000000000000e+00
0.000000000000000000e+00
0.000000000000000000e+00
0.000000000000000000e+00
0.000000000000000000e+00
0.000000000000000000e+00
0.000000000000000000e+00
0.000000000000000000e+00
0.000000000000000000e+00
0.000000000000000000e+00
0.000000000000000000e+00
0.000000000000000000e+00
0.000000000000000000e+00
0.000000000000000000e+00
0.000000000000000000e+00
0.000000000000000000e+00
0.000000000000000000e+00
0.000000000000000000e+00
0.000000000000000000e+00
0.000000000000000000e+00
0.000000000000000000e+00
0.000000000000000000e+00
0.000000000000000000e+00
