4.986666666666668135e-01
6.473333333333335382e-01
7.373333333333331741e-01
7.826666666666661776e-01
8.043333333333329005e-01
8.099999999999997202e-01
7.543333333333328561e-01
7.913333333333330000e-01
8.129999999999995008e-01
8.126666666666660932e-01
8.153333333333331323e-01
8.173333333333329120e-01
7.583333333333334147e-01
7.919999999999999263e-01
8.076666666666661998e-01
8.119999999999996110e-01
8.233333333333328063e-01
8.206666666666658783e-01
4.206666666666664667e-01
5.246666666666665035e-01
6.723333333333337825e-01
7.256666666666669041e-01
7.766666666666661722e-01
7.836666666666665115e-01
7.603333333333328614e-01
7.833333333333331039e-01
8.123333333333326856e-01
8.126666666666664263e-01
8.166666666666665408e-01
8.166666666666660968e-01
0.000000000000000000e+00
0.000000000000000000e+00
0.000000000000000000e+00
0.000000000000000000e+00
0.000000000000000000e+00
0.000000000000000000e+00
0.000000000000000000e+00
0.000000000000000000e+00
0.000000000000000000e+00
0.000000000000000000e+00
0.000000000000000000e+00
0.000000000000000000e+00
0.000000000000000000e+00
0.000000000000000000e+00
0.000000000000000000e+00
0.000000000000000000e+00
0.000000000000000000e+00
0.000000000000000000e+00
0.000000000000000000e+00
0.000000000000000000e+00
0.000000000000000000e+00
0.000000000000000000e+00
0.000000000000000000e+00
0.000000000000000000e+00
0.000000000000000000e+00
0.000000000000000000e+00
0.000000000000000000e+00
0.000000000000000000e+00
0.000000000000000000e+00
0.000000000000000000e+00
0.000000000000000000e+00
0.000000000000000000e+00
0.000000000000000000e+00
0.000000000000000000e+00
0.000000000000000000e+00
0.000000000000000000e+00
0.000000000000000000e+00
0.000000000000000000e+00
0.000000000000000000e+00
0.000000000000000000e+00
0.000000000000000000e+00
0.000000000000000000e+00
